 Time (s), x (m), y (m), z (m)
   0.00000000       0.00000000       0.00000000       0.00000000    
  0.200000003       0.00000000       2.00000009E-03   0.00000000    
  0.400000006       0.00000000       8.00000038E-03   0.00000000    
  0.600000024       0.00000000       1.80000011E-02   0.00000000    
  0.800000012       0.00000000       3.20000015E-02   0.00000000    
   1.00000000       0.00000000       5.00000007E-02   0.00000000    
   1.20000005       0.00000000       7.19999969E-02   0.00000000    
   1.40000010       0.00000000       9.79999974E-02   0.00000000    
   1.60000014       0.00000000      0.128000006       0.00000000    
   1.80000019       0.00000000      0.162000015       0.00000000    
   2.00000024       0.00000000      0.200000018       0.00000000    
   2.20000029       0.00000000      0.242000028       0.00000000    
   2.40000033       0.00000000      0.288000017       0.00000000    
   2.60000038       0.00000000      0.338000029       0.00000000    
   2.80000043       0.00000000      0.392000020       0.00000000    
   3.00000048       0.00000000      0.450000018       0.00000000    
   3.20000052       0.00000000      0.511999965       0.00000000    
   3.40000057       0.00000000      0.577999949       0.00000000    
   3.60000062       0.00000000      0.647999942       0.00000000    
   3.80000067       0.00000000      0.721999943       0.00000000    
   4.00000048       0.00000000      0.799999952       0.00000000    
   4.20000029       0.00000000      0.881999969       0.00000000    
   4.40000010       0.00000000      0.967999935       0.00000000    
   4.59999990       0.00000000       1.05799997       0.00000000    
   4.79999971       0.00000000       1.15199995       0.00000000    
   4.99999952       0.00000000       1.25000000       0.00000000    
   5.19999933       0.00000000       1.35200000       0.00000000    
   5.39999914       0.00000000       1.45799994       0.00000000    
   5.59999895       0.00000000       1.56799996       0.00000000    
   5.79999876       0.00000000       1.68199992       0.00000000    
   5.99999857       0.00000000       1.79999995       0.00000000    
   6.19999838       0.00000000       1.92199993       0.00000000    
   6.39999819       0.00000000       2.04800010       0.00000000    
   6.59999800       0.00000000       2.17800021       0.00000000    
   6.79999781       0.00000000       2.31200027       0.00000000    
   6.99999762       0.00000000       2.45000029       0.00000000    
   7.19999743       0.00000000       2.59200025       0.00000000    
   7.39999723       0.00000000       2.73800039       0.00000000    
   7.59999704       0.00000000       2.88800049       0.00000000    
   7.79999685       0.00000000       3.04200053       0.00000000    
   7.99999666       0.00000000       3.20000052       0.00000000    
   8.19999695       0.00000000       3.36200070       0.00000000    
   8.39999676       0.00000000       3.52800083       0.00000000    
   8.59999657       0.00000000       3.69800091       0.00000000    
   8.79999638       0.00000000       3.87200093       0.00000000    
   8.99999619       0.00000000       4.05000067       0.00000000    
   9.19999599       0.00000000       4.23200035       0.00000000    
   9.39999580       0.00000000       4.41800022       0.00000000    
   9.59999561       0.00000000       4.60799980       0.00000000    
   9.79999542       0.00000000       4.80199957       0.00000000    
   9.99999523       0.00000000       4.99999952       0.00000000    
   10.1999950       0.00000000       5.20199919       0.00000000    
   10.3999949       0.00000000       5.40799904       0.00000000    
   10.5999947       0.00000000       5.61799860       0.00000000    
   10.7999945       0.00000000       5.83199835       0.00000000    
   10.9999943       0.00000000       6.04999828       0.00000000    
   11.1999941       0.00000000       6.27199793       0.00000000    
   11.3999939       0.00000000       6.49799776       0.00000000    
   11.5999937       0.00000000       6.72799730       0.00000000    
   11.7999935       0.00000000       6.96199703       0.00000000    
   11.9999933       0.00000000       7.19999695       0.00000000    
   12.1999931       0.00000000       7.44199657       0.00000000    
   12.3999929       0.00000000       7.68799639       0.00000000    
   12.5999928       0.00000000       7.93799591       0.00000000    
   12.7999926       0.00000000       8.19199562       0.00000000    
   12.9999924       0.00000000       8.44999504       0.00000000    
   13.1999922       0.00000000       8.71199512       0.00000000    
   13.3999920       0.00000000       8.97799492       0.00000000    
   13.5999918       0.00000000       9.24799442       0.00000000    
   13.7999916       0.00000000       9.52199459       0.00000000    
   13.9999914       0.00000000       9.79999447       0.00000000    
   14.1999912       0.00000000       10.0819941       0.00000000    
   14.3999910       0.00000000       10.3679934       0.00000000    
   14.5999908       0.00000000       10.6579933       0.00000000    
   14.7999907       0.00000000       10.9519930       0.00000000    
   14.9999905       0.00000000       11.2499924       0.00000000    
   15.1999903       0.00000000       11.5519924       0.00000000    
   15.3999901       0.00000000       11.8579922       0.00000000    
   15.5999899       0.00000000       12.1679916       0.00000000    
   15.7999897       0.00000000       12.4819918       0.00000000    
   15.9999895       0.00000000       12.7999916       0.00000000    
   16.1999893       0.00000000       13.1219912       0.00000000    
   16.3999901       0.00000000       13.4479904       0.00000000    
   16.5999908       0.00000000       13.7779903       0.00000000    
   16.7999916       0.00000000       14.1119900       0.00000000    
   16.9999924       0.00000000       14.4499893       0.00000000    
   17.1999931       0.00000000       14.7919893       0.00000000    
   17.3999939       0.00000000       15.1379890       0.00000000    
   17.5999947       0.00000000       15.4879885       0.00000000    
   17.7999954       0.00000000       15.8419886       0.00000000    
   17.9999962       0.00000000       16.1999893       0.00000000    
   18.1999969       0.00000000       16.5619907       0.00000000    
   18.3999977       0.00000000       16.9279919       0.00000000    
   18.5999985       0.00000000       17.2979927       0.00000000    
   18.7999992       0.00000000       17.6719933       0.00000000    
   19.0000000       0.00000000       18.0499935       0.00000000    
   19.2000008       0.00000000       18.4319935       0.00000000    
   19.4000015       0.00000000       18.8179932       0.00000000    
   19.6000023       0.00000000       19.2079945       0.00000000    
   19.8000031       0.00000000       19.6019955       0.00000000    
   20.0000038       0.00000000       19.9999962       0.00000000    
   20.2000046       0.00000000       20.4019966       0.00000000    
   20.4000053       0.00000000       20.8079967       0.00000000    
   20.6000061       0.00000000       21.2179966       0.00000000    
   20.8000069       0.00000000       21.6319981       0.00000000    
   21.0000076       0.00000000       22.0499992       0.00000000    
   21.2000084       0.00000000       22.4720001       0.00000000    
   21.4000092       0.00000000       22.8980007       0.00000000    
   21.6000099       0.00000000       23.3280010       0.00000000    
   21.8000107       0.00000000       23.7620010       0.00000000    
   22.0000114       0.00000000       24.2000008       0.00000000    
   22.2000122       0.00000000       24.6420021       0.00000000    
   22.4000130       0.00000000       25.0880032       0.00000000    
   22.6000137       0.00000000       25.5380039       0.00000000    
   22.8000145       0.00000000       25.9920044       0.00000000    
   23.0000153       0.00000000       26.4500046       0.00000000    
   23.2000160       0.00000000       26.9120045       0.00000000    
   23.4000168       0.00000000       27.3780041       0.00000000    
   23.6000175       0.00000000       27.8480053       0.00000000    
   23.8000183       0.00000000       28.3220062       0.00000000    
   24.0000191       0.00000000       28.8000069       0.00000000    
   24.2000198       0.00000000       29.2820072       0.00000000    
   24.4000206       0.00000000       29.7680073       0.00000000    
   24.6000214       0.00000000       30.2580070       0.00000000    
   24.8000221       0.00000000       30.7520084       0.00000000    
   25.0000229       0.00000000       31.2500095       0.00000000    
   25.2000237       0.00000000       31.7520103       0.00000000    
   25.4000244       0.00000000       32.2580070       0.00000000    
   25.6000252       0.00000000       32.7680054       0.00000000    
   25.8000259       0.00000000       33.2820053       0.00000000    
   26.0000267       0.00000000       33.8000031       0.00000000    
   26.2000275       0.00000000       34.3220024       0.00000000    
   26.4000282       0.00000000       34.8479996       0.00000000    
   26.6000290       0.00000000       35.3779984       0.00000000    
   26.8000298       0.00000000       35.9119987       0.00000000    
   27.0000305       0.00000000       36.4499969       0.00000000    
   27.2000313       0.00000000       36.9919968       0.00000000    
   27.4000320       0.00000000       37.5379944       0.00000000    
   27.6000328       0.00000000       38.0879936       0.00000000    
   27.8000336       0.00000000       38.6419907       0.00000000    
   28.0000343       0.00000000       39.1999893       0.00000000    
   28.2000351       0.00000000       39.7619896       0.00000000    
   28.4000359       0.00000000       40.3279877       0.00000000    
   28.6000366       0.00000000       40.8979874       0.00000000    
   28.8000374       0.00000000       41.4719849       0.00000000    
   29.0000381       0.00000000       42.0499840       0.00000000    
   29.2000389       0.00000000       42.6319809       0.00000000    
   29.4000397       0.00000000       43.2179794       0.00000000    
   29.6000404       0.00000000       43.8079796       0.00000000    
   29.8000412       0.00000000       44.4019775       0.00000000    
   30.0000420       0.00000000       44.9999771       0.00000000    
   30.2000427       0.00000000       45.6019745       0.00000000    
   30.4000435       0.00000000       46.2079735       0.00000000    
   30.6000443       0.00000000       46.8179703       0.00000000    
   30.8000450       0.00000000       47.4319687       0.00000000    
   31.0000458       0.00000000       48.0499687       0.00000000    
   31.2000465       0.00000000       48.6719666       0.00000000    
   31.4000473       0.00000000       49.2979660       0.00000000    
   31.6000481       0.00000000       49.9279633       0.00000000    
   31.8000488       0.00000000       50.5619621       0.00000000    
   32.0000496       0.00000000       51.1999588       0.00000000    
   32.2000504       0.00000000       51.8419571       0.00000000    
   32.4000511       0.00000000       52.4879570       0.00000000    
   32.6000519       0.00000000       53.1379547       0.00000000    
   32.8000526       0.00000000       53.7919540       0.00000000    
   33.0000534       0.00000000       54.4499512       0.00000000    
   33.2000542       0.00000000       55.1119499       0.00000000    
   33.4000549       0.00000000       55.7779465       0.00000000    
   33.6000557       0.00000000       56.4479446       0.00000000    
   33.8000565       0.00000000       57.1219444       0.00000000    
   34.0000572       0.00000000       57.7999420       0.00000000    
   34.2000580       0.00000000       58.4819412       0.00000000    
   34.4000587       0.00000000       59.1679382       0.00000000    
   34.6000595       0.00000000       59.8579369       0.00000000    
   34.8000603       0.00000000       60.5519371       0.00000000    
   35.0000610       0.00000000       61.2499352       0.00000000    
   35.2000618       0.00000000       61.9519348       0.00000000    
   35.4000626       0.00000000       62.6579323       0.00000000    
   35.6000633       0.00000000       63.3679314       0.00000000    
   35.8000641       0.00000000       64.0819321       0.00000000    
   36.0000648       0.00000000       64.7999268       0.00000000    
   36.2000656       0.00000000       65.5219269       0.00000000    
   36.4000664       0.00000000       66.2479248       0.00000000    
   36.6000671       0.00000000       66.9779205       0.00000000    
   36.8000679       0.00000000       67.7119217       0.00000000    
   37.0000687       0.00000000       68.4499207       0.00000000    
   37.2000694       0.00000000       69.1919174       0.00000000    
   37.4000702       0.00000000       69.9379120       0.00000000    
   37.6000710       0.00000000       70.6879120       0.00000000    
   37.8000717       0.00000000       71.4419098       0.00000000    
   38.0000725       0.00000000       72.1999054       0.00000000    
   38.2000732       0.00000000       72.9619064       0.00000000    
   38.4000740       0.00000000       73.7279053       0.00000000    
   38.6000748       0.00000000       74.4979019       0.00000000    
   38.8000755       0.00000000       75.2719040       0.00000000    
   39.0000763       0.00000000       76.0499039       0.00000000    
   39.2000771       0.00000000       76.8319016       0.00000000    
   39.4000778       0.00000000       77.6178970       0.00000000    
   39.6000786       0.00000000       78.4078979       0.00000000    
   39.8000793       0.00000000       79.2018967       0.00000000    
   40.0000801       0.00000000       79.9998932       0.00000000    
   40.2000809       0.00000000       80.8018951       0.00000000    
   40.4000816       0.00000000       81.6078949       0.00000000    
   40.6000824       0.00000000       82.4178925       0.00000000    
   40.8000832       0.00000000       83.2318878       0.00000000    
   41.0000839       0.00000000       84.0498886       0.00000000    
   41.2000847       0.00000000       84.8718872       0.00000000    
   41.4000854       0.00000000       85.6978836       0.00000000    
   41.6000862       0.00000000       86.5278854       0.00000000    
   41.8000870       0.00000000       87.3618851       0.00000000    
   42.0000877       0.00000000       88.1998825       0.00000000    
   42.2000885       0.00000000       89.0418777       0.00000000    
   42.4000893       0.00000000       89.8878784       0.00000000    
   42.6000900       0.00000000       90.7378769       0.00000000    
   42.8000908       0.00000000       91.5918732       0.00000000    
   43.0000916       0.00000000       92.4498749       0.00000000    
   43.2000923       0.00000000       93.3118744       0.00000000    
   43.4000931       0.00000000       94.1778717       0.00000000    
   43.6000938       0.00000000       95.0478668       0.00000000    
   43.8000946       0.00000000       95.9218674       0.00000000    
   44.0000954       0.00000000       96.7998657       0.00000000    
   44.2000961       0.00000000       97.6818619       0.00000000    
   44.4000969       0.00000000       98.5678635       0.00000000    
   44.6000977       0.00000000       99.4578629       0.00000000    
   44.8000984       0.00000000       100.351860       0.00000000    
   45.0000992       0.00000000       101.249855       0.00000000    
   45.2000999       0.00000000       102.151855       0.00000000    
   45.4001007       0.00000000       103.057854       0.00000000    
   45.6001015       0.00000000       103.967850       0.00000000    
   45.8001022       0.00000000       104.881851       0.00000000    
   46.0001030       0.00000000       105.799850       0.00000000    
   46.2001038       0.00000000       106.721848       0.00000000    
   46.4001045       0.00000000       107.647842       0.00000000    
   46.6001053       0.00000000       108.577843       0.00000000    
   46.8001060       0.00000000       109.511841       0.00000000    
   47.0001068       0.00000000       110.449837       0.00000000    
   47.2001076       0.00000000       111.391838       0.00000000    
   47.4001083       0.00000000       112.337837       0.00000000    
   47.6001091       0.00000000       113.287834       0.00000000    
   47.8001099       0.00000000       114.241829       0.00000000    
   48.0001106       0.00000000       115.199829       0.00000000    
   48.2001114       0.00000000       116.161827       0.00000000    
   48.4001122       0.00000000       117.127823       0.00000000    
   48.6001129       0.00000000       118.097824       0.00000000    
   48.8001137       0.00000000       119.071823       0.00000000    
   49.0001144       0.00000000       120.049820       0.00000000    
   49.2001152       0.00000000       121.031815       0.00000000    
   49.4001160       0.00000000       122.017815       0.00000000    
   49.6001167       0.00000000       123.007812       0.00000000    
   49.8001175       0.00000000       124.001808       0.00000000    
   50.0001183       0.00000000       124.999809       0.00000000    
   50.2001190       0.00000000       126.001808       0.00000000    
   50.4001198       0.00000000       127.007805       0.00000000    
   50.6001205       0.00000000       128.017807       0.00000000    
   50.8001213       0.00000000       129.031799       0.00000000    
   51.0001221       0.00000000       130.049805       0.00000000    
   51.2001228       0.00000000       131.071808       0.00000000    
   51.4001236       0.00000000       132.097809       0.00000000    
   51.6001244       0.00000000       133.127808       0.00000000    
   51.8001251       0.00000000       134.161804       0.00000000    
   52.0001259       0.00000000       135.199799       0.00000000    
   52.2001266       0.00000000       136.241791       0.00000000    
   52.4001274       0.00000000       137.287796       0.00000000    
   52.6001282       0.00000000       138.337799       0.00000000    
   52.8001289       0.00000000       139.391800       0.00000000    
   53.0001297       0.00000000       140.449799       0.00000000    
   53.2001305       0.00000000       141.511795       0.00000000    
   53.4001312       0.00000000       142.577789       0.00000000    
   53.6001320       0.00000000       143.647781       0.00000000    
   53.8001328       0.00000000       144.721786       0.00000000    
   54.0001335       0.00000000       145.799789       0.00000000    
   54.2001343       0.00000000       146.881790       0.00000000    
   54.4001350       0.00000000       147.967789       0.00000000    
   54.6001358       0.00000000       149.057785       0.00000000    
   54.8001366       0.00000000       150.151779       0.00000000    
   55.0001373       0.00000000       151.249771       0.00000000    
   55.2001381       0.00000000       152.351776       0.00000000    
   55.4001389       0.00000000       153.457779       0.00000000    
   55.6001396       0.00000000       154.567780       0.00000000    
   55.8001404       0.00000000       155.681778       0.00000000    
   56.0001411       0.00000000       156.799774       0.00000000    
   56.2001419       0.00000000       157.921768       0.00000000    
   56.4001427       0.00000000       159.047760       0.00000000    
   56.6001434       0.00000000       160.177765       0.00000000    
   56.8001442       0.00000000       161.311768       0.00000000    
   57.0001450       0.00000000       162.449768       0.00000000    
   57.2001457       0.00000000       163.591766       0.00000000    
   57.4001465       0.00000000       164.737762       0.00000000    
   57.6001472       0.00000000       165.887756       0.00000000    
   57.8001480       0.00000000       167.041748       0.00000000    
   58.0001488       0.00000000       168.199753       0.00000000    
   58.2001495       0.00000000       169.361755       0.00000000    
   58.4001503       0.00000000       170.527756       0.00000000    
   58.6001511       0.00000000       171.697754       0.00000000    
   58.8001518       0.00000000       172.871750       0.00000000    
   59.0001526       0.00000000       174.049744       0.00000000    
   59.2001534       0.00000000       175.231735       0.00000000    
   59.4001541       0.00000000       176.417740       0.00000000    
   59.6001549       0.00000000       177.607742       0.00000000    
   59.8001556       0.00000000       178.801743       0.00000000    
   60.0001564       0.00000000       179.999741       0.00000000    
   60.2001572       0.00000000       181.201736       0.00000000    
   60.4001579       0.00000000       182.407730       0.00000000    
   60.6001587       0.00000000       183.617722       0.00000000    
   60.8001595       0.00000000       184.831726       0.00000000    
   61.0001602       0.00000000       186.049728       0.00000000    
   61.2001610       0.00000000       187.271729       0.00000000    
   61.4001617       0.00000000       188.497726       0.00000000    
   61.6001625       0.00000000       189.727722       0.00000000    
   61.8001633       0.00000000       190.961716       0.00000000    
   62.0001640       0.00000000       192.199707       0.00000000    
   62.2001648       0.00000000       193.441711       0.00000000    
   62.4001656       0.00000000       194.687714       0.00000000    
   62.6001663       0.00000000       195.937714       0.00000000    
   62.8001671       0.00000000       197.191711       0.00000000    
   63.0001678       0.00000000       198.449707       0.00000000    
   63.2001686       0.00000000       199.711700       0.00000000    
   63.4001694       0.00000000       200.977692       0.00000000    
   63.6001701       0.00000000       202.247696       0.00000000    
   63.8001709       0.00000000       203.521698       0.00000000    
   64.0001678       0.00000000       204.799698       0.00000000    
   64.2001648       0.00000000       206.081696       0.00000000    
   64.4001617       0.00000000       207.367691       0.00000000    
   64.6001587       0.00000000       208.657684       0.00000000    
   64.8001556       0.00000000       209.951675       0.00000000    
   65.0001526       0.00000000       211.249680       0.00000000    
   65.2001495       0.00000000       212.551682       0.00000000    
   65.4001465       0.00000000       213.857681       0.00000000    
   65.6001434       0.00000000       215.167679       0.00000000    
   65.8001404       0.00000000       216.481674       0.00000000    
   66.0001373       0.00000000       217.799667       0.00000000    
   66.2001343       0.00000000       219.121658       0.00000000    
   66.4001312       0.00000000       220.447662       0.00000000    
   66.6001282       0.00000000       221.777664       0.00000000    
   66.8001251       0.00000000       223.111664       0.00000000    
   67.0001221       0.00000000       224.449661       0.00000000    
   67.2001190       0.00000000       225.791656       0.00000000    
   67.4001160       0.00000000       227.137650       0.00000000    
   67.6001129       0.00000000       228.487640       0.00000000    
   67.8001099       0.00000000       229.841644       0.00000000    
   68.0001068       0.00000000       231.199646       0.00000000    
   68.2001038       0.00000000       232.561646       0.00000000    
   68.4001007       0.00000000       233.927643       0.00000000    
   68.6000977       0.00000000       235.297638       0.00000000    
   68.8000946       0.00000000       236.671631       0.00000000    
   69.0000916       0.00000000       238.049622       0.00000000    
   69.2000885       0.00000000       239.431625       0.00000000    
   69.4000854       0.00000000       240.817627       0.00000000    
   69.6000824       0.00000000       242.207626       0.00000000    
   69.8000793       0.00000000       243.601624       0.00000000    
   70.0000763       0.00000000       244.999619       0.00000000    
   70.2000732       0.00000000       246.401611       0.00000000    
   70.4000702       0.00000000       247.807602       0.00000000    
   70.6000671       0.00000000       249.217606       0.00000000    
   70.8000641       0.00000000       250.631607       0.00000000    
   71.0000610       0.00000000       252.049606       0.00000000    
   71.2000580       0.00000000       253.471603       0.00000000    
   71.4000549       0.00000000       254.897598       0.00000000    
   71.6000519       0.00000000       256.327606       0.00000000    
   71.8000488       0.00000000       257.761627       0.00000000    
   72.0000458       0.00000000       259.199646       0.00000000    
   72.2000427       0.00000000       260.641663       0.00000000    
   72.4000397       0.00000000       262.087677       0.00000000    
   72.6000366       0.00000000       263.537689       0.00000000    
   72.8000336       0.00000000       264.991699       0.00000000    
   73.0000305       0.00000000       266.449707       0.00000000    
   73.2000275       0.00000000       267.911713       0.00000000    
   73.4000244       0.00000000       269.377716       0.00000000    
   73.6000214       0.00000000       270.847717       0.00000000    
   73.8000183       0.00000000       272.321716       0.00000000    
   74.0000153       0.00000000       273.799744       0.00000000    
   74.2000122       0.00000000       275.281769       0.00000000    
   74.4000092       0.00000000       276.767792       0.00000000    
   74.6000061       0.00000000       278.257812       0.00000000    
   74.8000031       0.00000000       279.751831       0.00000000    
   75.0000000       0.00000000       281.249847       0.00000000    
   75.1999969       0.00000000       282.751862       0.00000000    
   75.3999939       0.00000000       284.257874       0.00000000    
   75.5999908       0.00000000       285.767883       0.00000000    
   75.7999878       0.00000000       287.281891       0.00000000    
   75.9999847       0.00000000       288.799896       0.00000000    
   76.1999817       0.00000000       290.321899       0.00000000    
   76.3999786       0.00000000       291.847900       0.00000000    
   76.5999756       0.00000000       293.377899       0.00000000    
   76.7999725       0.00000000       294.911926       0.00000000    
   76.9999695       0.00000000       296.449951       0.00000000    
   77.1999664       0.00000000       297.991974       0.00000000    
   77.3999634       0.00000000       299.537994       0.00000000    
   77.5999603       0.00000000       301.088013       0.00000000    
   77.7999573       0.00000000       302.642029       0.00000000    
   77.9999542       0.00000000       304.200043       0.00000000    
   78.1999512       0.00000000       305.762054       0.00000000    
   78.3999481       0.00000000       307.328064       0.00000000    
   78.5999451       0.00000000       308.898071       0.00000000    
   78.7999420       0.00000000       310.472076       0.00000000    
   78.9999390       0.00000000       312.050079       0.00000000    
   79.1999359       0.00000000       313.632080       0.00000000    
   79.3999329       0.00000000       315.218079       0.00000000    
   79.5999298       0.00000000       316.808105       0.00000000    
   79.7999268       0.00000000       318.402130       0.00000000    
   79.9999237       0.00000000       320.000153       0.00000000    
   80.1999207       0.00000000       321.602173       0.00000000    
   80.3999176       0.00000000       323.208191       0.00000000    
   80.5999146       0.00000000       324.818207       0.00000000    
   80.7999115       0.00000000       326.432220       0.00000000    
   80.9999084       0.00000000       328.050232       0.00000000    
   81.1999054       0.00000000       329.672241       0.00000000    
   81.3999023       0.00000000       331.298248       0.00000000    
   81.5998993       0.00000000       332.928253       0.00000000    
   81.7998962       0.00000000       334.562256       0.00000000    
   81.9998932       0.00000000       336.200256       0.00000000    
   82.1998901       0.00000000       337.842285       0.00000000    
   82.3998871       0.00000000       339.488312       0.00000000    
   82.5998840       0.00000000       341.138336       0.00000000    
   82.7998810       0.00000000       342.792358       0.00000000    
   82.9998779       0.00000000       344.450378       0.00000000    
   83.1998749       0.00000000       346.112396       0.00000000    
   83.3998718       0.00000000       347.778412       0.00000000    
   83.5998688       0.00000000       349.448425       0.00000000    
   83.7998657       0.00000000       351.122437       0.00000000    
   83.9998627       0.00000000       352.800446       0.00000000    
   84.1998596       0.00000000       354.482452       0.00000000    
   84.3998566       0.00000000       356.168457       0.00000000    
   84.5998535       0.00000000       357.858459       0.00000000    
   84.7998505       0.00000000       359.552460       0.00000000    
   84.9998474       0.00000000       361.250488       0.00000000    
   85.1998444       0.00000000       362.952515       0.00000000    
   85.3998413       0.00000000       364.658539       0.00000000    
   85.5998383       0.00000000       366.368561       0.00000000    
   85.7998352       0.00000000       368.082581       0.00000000    
   85.9998322       0.00000000       369.800598       0.00000000    
   86.1998291       0.00000000       371.522614       0.00000000    
   86.3998260       0.00000000       373.248627       0.00000000    
   86.5998230       0.00000000       374.978638       0.00000000    
   86.7998199       0.00000000       376.712646       0.00000000    
   86.9998169       0.00000000       378.450653       0.00000000    
   87.1998138       0.00000000       380.192657       0.00000000    
   87.3998108       0.00000000       381.938660       0.00000000    
   87.5998077       0.00000000       383.688690       0.00000000    
   87.7998047       0.00000000       385.442719       0.00000000    
   87.9998016       0.00000000       387.200745       0.00000000    
   88.1997986       0.00000000       388.962769       0.00000000    
   88.3997955       0.00000000       390.728790       0.00000000    
   88.5997925       0.00000000       392.498810       0.00000000    
   88.7997894       0.00000000       394.272827       0.00000000    
   88.9997864       0.00000000       396.050842       0.00000000    
   89.1997833       0.00000000       397.832855       0.00000000    
   89.3997803       0.00000000       399.618866       0.00000000    
   89.5997772       0.00000000       401.408875       0.00000000    
   89.7997742       0.00000000       403.202881       0.00000000    
   89.9997711       0.00000000       405.000885       0.00000000    
   90.1997681       0.00000000       406.802917       0.00000000    
   90.3997650       0.00000000       408.608948       0.00000000    
   90.5997620       0.00000000       410.418976       0.00000000    
   90.7997589       0.00000000       412.233002       0.00000000    
   90.9997559       0.00000000       414.051025       0.00000000    
   91.1997528       0.00000000       415.873047       0.00000000    
   91.3997498       0.00000000       417.699066       0.00000000    
   91.5997467       0.00000000       419.529083       0.00000000    
   91.7997437       0.00000000       421.363098       0.00000000    
   91.9997406       0.00000000       423.201111       0.00000000    
   92.1997375       0.00000000       425.043121       0.00000000    
   92.3997345       0.00000000       426.889130       0.00000000    
   92.5997314       0.00000000       428.739136       0.00000000    
   92.7997284       0.00000000       430.593140       0.00000000    
   92.9997253       0.00000000       432.451172       0.00000000    
   93.1997223       0.00000000       434.313202       0.00000000    
   93.3997192       0.00000000       436.179230       0.00000000    
   93.5997162       0.00000000       438.049255       0.00000000    
   93.7997131       0.00000000       439.923279       0.00000000    
   93.9997101       0.00000000       441.801300       0.00000000    
   94.1997070       0.00000000       443.683319       0.00000000    
   94.3997040       0.00000000       445.569336       0.00000000    
   94.5997009       0.00000000       447.459351       0.00000000    
   94.7996979       0.00000000       449.353363       0.00000000    
   94.9996948       0.00000000       451.251373       0.00000000    
   95.1996918       0.00000000       453.153381       0.00000000    
   95.3996887       0.00000000       455.059387       0.00000000    
   95.5996857       0.00000000       456.969421       0.00000000    
   95.7996826       0.00000000       458.883453       0.00000000    
   95.9996796       0.00000000       460.801483       0.00000000    
   96.1996765       0.00000000       462.723511       0.00000000    
   96.3996735       0.00000000       464.649536       0.00000000    
   96.5996704       0.00000000       466.579559       0.00000000    
   96.7996674       0.00000000       468.513580       0.00000000    
   96.9996643       0.00000000       470.451599       0.00000000    
   97.1996613       0.00000000       472.393616       0.00000000    
   97.3996582       0.00000000       474.339630       0.00000000    
   97.5996552       0.00000000       476.289642       0.00000000    
   97.7996521       0.00000000       478.243652       0.00000000    
   97.9996490       0.00000000       480.201660       0.00000000    
   98.1996460       0.00000000       482.163696       0.00000000    
   98.3996429       0.00000000       484.129730       0.00000000    
   98.5996399       0.00000000       486.099762       0.00000000    
   98.7996368       0.00000000       488.073792       0.00000000    
   98.9996338       0.00000000       490.051819       0.00000000    
   99.1996307       0.00000000       492.033844       0.00000000    
   99.3996277       0.00000000       494.019867       0.00000000    
   99.5996246       0.00000000       496.009888       0.00000000    
   99.7996216       0.00000000       498.003906       0.00000000    
   99.9996185       0.00000000       500.001923       0.00000000    
   100.199615       0.00000000       502.003937       0.00000000    
   100.399612       0.00000000       504.009949       0.00000000    
   100.599609       0.00000000       506.019958       0.00000000    
   100.799606       0.00000000       508.033966       0.00000000    
   100.999603       0.00000000       510.052002       0.00000000    
   101.199600       0.00000000       512.074036       0.00000000    
   101.399597       0.00000000       514.100037       0.00000000    
   101.599594       0.00000000       516.130066       0.00000000    
   101.799591       0.00000000       518.164062       0.00000000    
   101.999588       0.00000000       520.202087       0.00000000    
   102.199585       0.00000000       522.244141       0.00000000    
   102.399582       0.00000000       524.290161       0.00000000    
   102.599579       0.00000000       526.340210       0.00000000    
   102.799576       0.00000000       528.394226       0.00000000    
   102.999573       0.00000000       530.452271       0.00000000    
   103.199570       0.00000000       532.514282       0.00000000    
   103.399567       0.00000000       534.580322       0.00000000    
   103.599564       0.00000000       536.650330       0.00000000    
   103.799561       0.00000000       538.724365       0.00000000    
   103.999557       0.00000000       540.802368       0.00000000    
   104.199554       0.00000000       542.884399       0.00000000    
   104.399551       0.00000000       544.970398       0.00000000    
   104.599548       0.00000000       547.060425       0.00000000    
   104.799545       0.00000000       549.154419       0.00000000    
   104.999542       0.00000000       551.252441       0.00000000    
   105.199539       0.00000000       553.354492       0.00000000    
   105.399536       0.00000000       555.460510       0.00000000    
   105.599533       0.00000000       557.570557       0.00000000    
   105.799530       0.00000000       559.684570       0.00000000    
   105.999527       0.00000000       561.802612       0.00000000    
   106.199524       0.00000000       563.924622       0.00000000    
   106.399521       0.00000000       566.050659       0.00000000    
   106.599518       0.00000000       568.180664       0.00000000    
   106.799515       0.00000000       570.314697       0.00000000    
   106.999512       0.00000000       572.452698       0.00000000    
   107.199509       0.00000000       574.594727       0.00000000    
   107.399506       0.00000000       576.740723       0.00000000    
   107.599503       0.00000000       578.890747       0.00000000    
   107.799500       0.00000000       581.044800       0.00000000    
   107.999496       0.00000000       583.202820       0.00000000    
   108.199493       0.00000000       585.364868       0.00000000    
   108.399490       0.00000000       587.530884       0.00000000    
   108.599487       0.00000000       589.700928       0.00000000    
   108.799484       0.00000000       591.874939       0.00000000    
   108.999481       0.00000000       594.052979       0.00000000    
   109.199478       0.00000000       596.234985       0.00000000    
   109.399475       0.00000000       598.421021       0.00000000    
   109.599472       0.00000000       600.611023       0.00000000    
   109.799469       0.00000000       602.805054       0.00000000    
   109.999466       0.00000000       605.003052       0.00000000    
   110.199463       0.00000000       607.205078       0.00000000    
   110.399460       0.00000000       609.411133       0.00000000    
   110.599457       0.00000000       611.621155       0.00000000    
   110.799454       0.00000000       613.835205       0.00000000    
   110.999451       0.00000000       616.053223       0.00000000    
   111.199448       0.00000000       618.275269       0.00000000    
   111.399445       0.00000000       620.501282       0.00000000    
   111.599442       0.00000000       622.731323       0.00000000    
   111.799438       0.00000000       624.965332       0.00000000    
   111.999435       0.00000000       627.203369       0.00000000    
   112.199432       0.00000000       629.445374       0.00000000    
   112.399429       0.00000000       631.691406       0.00000000    
   112.599426       0.00000000       633.941406       0.00000000    
   112.799423       0.00000000       636.195435       0.00000000    
   112.999420       0.00000000       638.453491       0.00000000    
   113.199417       0.00000000       640.715515       0.00000000    
   113.399414       0.00000000       642.981567       0.00000000    
   113.599411       0.00000000       645.251587       0.00000000    
   113.799408       0.00000000       647.525635       0.00000000    
   113.999405       0.00000000       649.803650       0.00000000    
   114.199402       0.00000000       652.085693       0.00000000    
   114.399399       0.00000000       654.371704       0.00000000    
   114.599396       0.00000000       656.661743       0.00000000    
   114.799393       0.00000000       658.955750       0.00000000    
   114.999390       0.00000000       661.253784       0.00000000    
   115.199387       0.00000000       663.555786       0.00000000    
   115.399384       0.00000000       665.861816       0.00000000    
   115.599380       0.00000000       668.171875       0.00000000    
   115.799377       0.00000000       670.485901       0.00000000    
   115.999374       0.00000000       672.803955       0.00000000    
   116.199371       0.00000000       675.125977       0.00000000    
   116.399368       0.00000000       677.452026       0.00000000    
   116.599365       0.00000000       679.782043       0.00000000    
   116.799362       0.00000000       682.116089       0.00000000    
   116.999359       0.00000000       684.454102       0.00000000    
   117.199356       0.00000000       686.796143       0.00000000    
   117.399353       0.00000000       689.142151       0.00000000    
   117.599350       0.00000000       691.492188       0.00000000    
   117.799347       0.00000000       693.846191       0.00000000    
   117.999344       0.00000000       696.204224       0.00000000    
   118.199341       0.00000000       698.566284       0.00000000    
   118.399338       0.00000000       700.932312       0.00000000    
   118.599335       0.00000000       703.302368       0.00000000    
   118.799332       0.00000000       705.676392       0.00000000    
   118.999329       0.00000000       708.054443       0.00000000    
   119.199326       0.00000000       710.436462       0.00000000    
   119.399323       0.00000000       712.822510       0.00000000    
   119.599319       0.00000000       715.212524       0.00000000    
   119.799316       0.00000000       717.606567       0.00000000    
   119.999313       0.00000000       720.004578       0.00000000    
